2951 2979 2976 2972 2969 2742
3029 3030 3044 3042 3041 3058
3031 3032 3052 3043 3039 3038
3033 3034 3053 3056 3040 3037
3035 3036 3054 3055 3048 3047
3045 3046 3049 3050 3051 3057
2757 2756 2755 2772 2767 2770
2754 2753 2752 2771 2768 2769
2751 2750 2749 2765 2758 2761
2747 2745 2744 2764 2759 2760
2748 2746 2743 2766 2762 2763
2784 2782 2783 2796 2794 2795
2779 2773 2776 2791 2785 2788
2780 2774 2775 2792 2786 2787
2781 2777 2778 2793 2789 2790
2808 2806 2807 2820 2818 2819
2803 2797 2800 2815 2809 2812
2804 2798 2799 2816 2810 2811
2805 2801 2802 2817 2813 2814
2832 2830 2831 2844 2842 2843
2827 2821 2824 2839 2833 2836
2828 2822 2823 2840 2834 2835
2829 2825 2826 2841 2837 2838
2856 2854 2855 2868 2866 2867
2851 2845 2848 2863 2857 2860
2852 2846 2847 2864 2858 2859
2853 2849 2850 2865 2861 2862
2880 2878 2879 2892 2890 2891
2875 2869 2872 2887 2881 2884
2876 2870 2871 2888 2882 2883
2877 2873 2874 2889 2885 2886
2904 2902 2903 2916 2914 2915
2899 2893 2896 2911 2905 2908
2900 2894 2895 2912 2906 2907
2901 2897 2898 2913 2909 2910
2928 2926 2927 2940 2938 2939
2923 2917 2920 2935 2929 2932
2924 2918 2919 2936 2930 2931
2925 2921 2922 2937 2933 2934
3001 3002 3006 3005 2996 2995
3003 3004 3007 3013 2994 2993
2999 3000 3008 3013 2992 2991
2997 2998 3009 3012 2986 2985
2989 2988 3010 3011 2983 2984
2990 2987 3017 3015 3016 3018
3020 3019 3023 3021 3022 3024
2982 2981 3027 3025 3026 3028
2594 2593 2597 2576 2575 2579

